# Analysing data contained in file(s) ['example_output/bound/run001/vanish/output/lambda_0.000/simfile.dat.bz2', 'example_output/bound/run001/vanish/output/lambda_0.025/simfile.dat.bz2', 'example_output/bound/run001/vanish/output/lambda_0.050/simfile.dat.bz2', 'example_output/bound/run001/vanish/output/lambda_0.075/simfile.dat.bz2', 'example_output/bound/run001/vanish/output/lambda_0.100/simfile.dat.bz2', 'example_output/bound/run001/vanish/output/lambda_0.125/simfile.dat.bz2', 'example_output/bound/run001/vanish/output/lambda_0.150/simfile.dat.bz2', 'example_output/bound/run001/vanish/output/lambda_0.175/simfile.dat.bz2', 'example_output/bound/run001/vanish/output/lambda_0.200/simfile.dat.bz2', 'example_output/bound/run001/vanish/output/lambda_0.225/simfile.dat.bz2', 'example_output/bound/run001/vanish/output/lambda_0.250/simfile.dat.bz2', 'example_output/bound/run001/vanish/output/lambda_0.275/simfile.dat.bz2', 'example_output/bound/run001/vanish/output/lambda_0.300/simfile.dat.bz2', 'example_output/bound/run001/vanish/output/lambda_0.325/simfile.dat.bz2', 'example_output/bound/run001/vanish/output/lambda_0.350/simfile.dat.bz2', 'example_output/bound/run001/vanish/output/lambda_0.375/simfile.dat.bz2', 'example_output/bound/run001/vanish/output/lambda_0.400/simfile.dat.bz2', 'example_output/bound/run001/vanish/output/lambda_0.425/simfile.dat.bz2', 'example_output/bound/run001/vanish/output/lambda_0.450/simfile.dat.bz2', 'example_output/bound/run001/vanish/output/lambda_0.475/simfile.dat.bz2', 'example_output/bound/run001/vanish/output/lambda_0.500/simfile.dat.bz2', 'example_output/bound/run001/vanish/output/lambda_0.525/simfile.dat.bz2', 'example_output/bound/run001/vanish/output/lambda_0.550/simfile.dat.bz2', 'example_output/bound/run001/vanish/output/lambda_0.575/simfile.dat.bz2', 'example_output/bound/run001/vanish/output/lambda_0.600/simfile.dat.bz2', 'example_output/bound/run001/vanish/output/lambda_0.625/simfile.dat.bz2', 'example_output/bound/run001/vanish/output/lambda_0.650/simfile.dat.bz2', 'example_output/bound/run001/vanish/output/lambda_0.675/simfile.dat.bz2', 'example_output/bound/run001/vanish/output/lambda_0.700/simfile.dat.bz2', 'example_output/bound/run001/vanish/output/lambda_0.725/simfile.dat.bz2', 'example_output/bound/run001/vanish/output/lambda_0.750/simfile.dat.bz2', 'example_output/bound/run001/vanish/output/lambda_0.800/simfile.dat.bz2', 'example_output/bound/run001/vanish/output/lambda_0.850/simfile.dat.bz2', 'example_output/bound/run001/vanish/output/lambda_0.900/simfile.dat.bz2', 'example_output/bound/run001/vanish/output/lambda_0.950/simfile.dat.bz2', 'example_output/bound/run001/vanish/output/lambda_1.000/simfile.dat.bz2']
#Overlap matrix
0.6739 0.2787 0.0444 0.0028 0.0001 0.0000 0.0000 0.0000 0.0000 0.0000 0.0000 0.0000 0.0000 0.0000 0.0000 0.0000 0.0000 0.0000 0.0000 0.0000 0.0000 0.0000 0.0000 0.0000 0.0000 0.0000 0.0000 0.0000 0.0000 0.0000 0.0000 0.0000 0.0000 0.0000 0.0000 0.0000
0.2787 0.4398 0.2346 0.0430 0.0037 0.0002 0.0000 0.0000 0.0000 0.0000 0.0000 0.0000 0.0000 0.0000 0.0000 0.0000 0.0000 0.0000 0.0000 0.0000 0.0000 0.0000 0.0000 0.0000 0.0000 0.0000 0.0000 0.0000 0.0000 0.0000 0.0000 0.0000 0.0000 0.0000 0.0000 0.0000
0.0444 0.2346 0.4286 0.2343 0.0519 0.0058 0.0004 0.0000 0.0000 0.0000 0.0000 0.0000 0.0000 0.0000 0.0000 0.0000 0.0000 0.0000 0.0000 0.0000 0.0000 0.0000 0.0000 0.0000 0.0000 0.0000 0.0000 0.0000 0.0000 0.0000 0.0000 0.0000 0.0000 0.0000 0.0000 0.0000
0.0028 0.0430 0.2343 0.4059 0.2430 0.0614 0.0087 0.0008 0.0001 0.0000 0.0000 0.0000 0.0000 0.0000 0.0000 0.0000 0.0000 0.0000 0.0000 0.0000 0.0000 0.0000 0.0000 0.0000 0.0000 0.0000 0.0000 0.0000 0.0000 0.0000 0.0000 0.0000 0.0000 0.0000 0.0000 0.0000
0.0001 0.0037 0.0519 0.2430 0.3771 0.2374 0.0730 0.0126 0.0012 0.0001 0.0000 0.0000 0.0000 0.0000 0.0000 0.0000 0.0000 0.0000 0.0000 0.0000 0.0000 0.0000 0.0000 0.0000 0.0000 0.0000 0.0000 0.0000 0.0000 0.0000 0.0000 0.0000 0.0000 0.0000 0.0000 0.0000
0.0000 0.0002 0.0058 0.0614 0.2374 0.3632 0.2391 0.0788 0.0128 0.0012 0.0001 0.0000 0.0000 0.0000 0.0000 0.0000 0.0000 0.0000 0.0000 0.0000 0.0000 0.0000 0.0000 0.0000 0.0000 0.0000 0.0000 0.0000 0.0000 0.0000 0.0000 0.0000 0.0000 0.0000 0.0000 0.0000
0.0000 0.0000 0.0004 0.0087 0.0730 0.2391 0.3475 0.2444 0.0743 0.0112 0.0013 0.0001 0.0000 0.0000 0.0000 0.0000 0.0000 0.0000 0.0000 0.0000 0.0000 0.0000 0.0000 0.0000 0.0000 0.0000 0.0000 0.0000 0.0000 0.0000 0.0000 0.0000 0.0000 0.0000 0.0000 0.0000
0.0000 0.0000 0.0000 0.0008 0.0126 0.0788 0.2444 0.3559 0.2234 0.0679 0.0139 0.0019 0.0002 0.0000 0.0000 0.0000 0.0000 0.0000 0.0000 0.0000 0.0000 0.0000 0.0000 0.0000 0.0000 0.0000 0.0000 0.0000 0.0000 0.0000 0.0000 0.0000 0.0000 0.0000 0.0000 0.0000
0.0000 0.0000 0.0000 0.0001 0.0012 0.0128 0.0743 0.2234 0.3406 0.2335 0.0909 0.0203 0.0026 0.0003 0.0000 0.0000 0.0000 0.0000 0.0000 0.0000 0.0000 0.0000 0.0000 0.0000 0.0000 0.0000 0.0000 0.0000 0.0000 0.0000 0.0000 0.0000 0.0000 0.0000 0.0000 0.0000
0.0000 0.0000 0.0000 0.0000 0.0001 0.0012 0.0112 0.0679 0.2335 0.3309 0.2425 0.0919 0.0179 0.0026 0.0004 0.0000 0.0000 0.0000 0.0000 0.0000 0.0000 0.0000 0.0000 0.0000 0.0000 0.0000 0.0000 0.0000 0.0000 0.0000 0.0000 0.0000 0.0000 0.0000 0.0000 0.0000
0.0000 0.0000 0.0000 0.0000 0.0000 0.0001 0.0013 0.0139 0.0909 0.2425 0.3291 0.2245 0.0760 0.0178 0.0033 0.0005 0.0001 0.0000 0.0000 0.0000 0.0000 0.0000 0.0000 0.0000 0.0000 0.0000 0.0000 0.0000 0.0000 0.0000 0.0000 0.0000 0.0000 0.0000 0.0000 0.0000
0.0000 0.0000 0.0000 0.0000 0.0000 0.0000 0.0001 0.0019 0.0203 0.0919 0.2245 0.3131 0.2210 0.0940 0.0270 0.0052 0.0008 0.0001 0.0000 0.0000 0.0000 0.0000 0.0000 0.0000 0.0000 0.0000 0.0000 0.0000 0.0000 0.0000 0.0000 0.0000 0.0000 0.0000 0.0000 0.0000
0.0000 0.0000 0.0000 0.0000 0.0000 0.0000 0.0000 0.0002 0.0026 0.0179 0.0760 0.2210 0.3108 0.2315 0.1050 0.0287 0.0054 0.0008 0.0001 0.0000 0.0000 0.0000 0.0000 0.0000 0.0000 0.0000 0.0000 0.0000 0.0000 0.0000 0.0000 0.0000 0.0000 0.0000 0.0000 0.0000
0.0000 0.0000 0.0000 0.0000 0.0000 0.0000 0.0000 0.0000 0.0003 0.0026 0.0178 0.0940 0.2315 0.2995 0.2274 0.0959 0.0255 0.0049 0.0005 0.0000 0.0000 0.0000 0.0000 0.0000 0.0000 0.0000 0.0000 0.0000 0.0000 0.0000 0.0000 0.0000 0.0000 0.0000 0.0000 0.0000
0.0000 0.0000 0.0000 0.0000 0.0000 0.0000 0.0000 0.0000 0.0000 0.0004 0.0033 0.0270 0.1050 0.2274 0.2935 0.2157 0.0960 0.0275 0.0039 0.0002 0.0000 0.0000 0.0000 0.0000 0.0000 0.0000 0.0000 0.0000 0.0000 0.0000 0.0000 0.0000 0.0000 0.0000 0.0000 0.0000
0.0000 0.0000 0.0000 0.0000 0.0000 0.0000 0.0000 0.0000 0.0000 0.0000 0.0005 0.0052 0.0287 0.0959 0.2157 0.2967 0.2305 0.1042 0.0210 0.0016 0.0001 0.0000 0.0000 0.0000 0.0000 0.0000 0.0000 0.0000 0.0000 0.0000 0.0000 0.0000 0.0000 0.0000 0.0000 0.0000
0.0000 0.0000 0.0000 0.0000 0.0000 0.0000 0.0000 0.0000 0.0000 0.0000 0.0001 0.0008 0.0054 0.0255 0.0960 0.2305 0.3110 0.2425 0.0789 0.0088 0.0005 0.0000 0.0000 0.0000 0.0000 0.0000 0.0000 0.0000 0.0000 0.0000 0.0000 0.0000 0.0000 0.0000 0.0000 0.0000
0.0000 0.0000 0.0000 0.0000 0.0000 0.0000 0.0000 0.0000 0.0000 0.0000 0.0000 0.0001 0.0008 0.0049 0.0275 0.1042 0.2425 0.3454 0.2193 0.0494 0.0054 0.0005 0.0001 0.0000 0.0000 0.0000 0.0000 0.0000 0.0000 0.0000 0.0000 0.0000 0.0000 0.0000 0.0000 0.0000
0.0000 0.0000 0.0000 0.0000 0.0000 0.0000 0.0000 0.0000 0.0000 0.0000 0.0000 0.0000 0.0001 0.0005 0.0039 0.0210 0.0789 0.2193 0.3792 0.2315 0.0552 0.0088 0.0013 0.0002 0.0000 0.0000 0.0000 0.0000 0.0000 0.0000 0.0000 0.0000 0.0000 0.0000 0.0000 0.0000
0.0000 0.0000 0.0000 0.0000 0.0000 0.0000 0.0000 0.0000 0.0000 0.0000 0.0000 0.0000 0.0000 0.0000 0.0002 0.0016 0.0088 0.0494 0.2315 0.3739 0.2310 0.0778 0.0198 0.0046 0.0010 0.0002 0.0001 0.0000 0.0000 0.0000 0.0000 0.0000 0.0000 0.0000 0.0000 0.0000
0.0000 0.0000 0.0000 0.0000 0.0000 0.0000 0.0000 0.0000 0.0000 0.0000 0.0000 0.0000 0.0000 0.0000 0.0000 0.0001 0.0005 0.0054 0.0552 0.2310 0.3345 0.2247 0.1000 0.0347 0.0101 0.0028 0.0008 0.0002 0.0001 0.0000 0.0000 0.0000 0.0000 0.0000 0.0000 0.0000
0.0000 0.0000 0.0000 0.0000 0.0000 0.0000 0.0000 0.0000 0.0000 0.0000 0.0000 0.0000 0.0000 0.0000 0.0000 0.0000 0.0000 0.0005 0.0088 0.0778 0.2247 0.2897 0.2191 0.1131 0.0443 0.0149 0.0048 0.0015 0.0005 0.0002 0.0001 0.0000 0.0000 0.0000 0.0000 0.0000
0.0000 0.0000 0.0000 0.0000 0.0000 0.0000 0.0000 0.0000 0.0000 0.0000 0.0000 0.0000 0.0000 0.0000 0.0000 0.0000 0.0000 0.0001 0.0013 0.0198 0.1000 0.2191 0.2624 0.2042 0.1132 0.0496 0.0193 0.0069 0.0024 0.0009 0.0004 0.0001 0.0001 0.0001 0.0001 0.0002
0.0000 0.0000 0.0000 0.0000 0.0000 0.0000 0.0000 0.0000 0.0000 0.0000 0.0000 0.0000 0.0000 0.0000 0.0000 0.0000 0.0000 0.0000 0.0002 0.0046 0.0347 0.1131 0.2042 0.2398 0.1929 0.1150 0.0562 0.0236 0.0089 0.0034 0.0015 0.0005 0.0003 0.0003 0.0004 0.0005
0.0000 0.0000 0.0000 0.0000 0.0000 0.0000 0.0000 0.0000 0.0000 0.0000 0.0000 0.0000 0.0000 0.0000 0.0000 0.0000 0.0000 0.0000 0.0000 0.0010 0.0101 0.0443 0.1132 0.1929 0.2238 0.1861 0.1191 0.0609 0.0262 0.0109 0.0050 0.0017 0.0011 0.0010 0.0011 0.0014
0.0000 0.0000 0.0000 0.0000 0.0000 0.0000 0.0000 0.0000 0.0000 0.0000 0.0000 0.0000 0.0000 0.0000 0.0000 0.0000 0.0000 0.0000 0.0000 0.0002 0.0028 0.0149 0.0496 0.1150 0.1861 0.2137 0.1811 0.1163 0.0597 0.0280 0.0139 0.0052 0.0034 0.0031 0.0032 0.0038
0.0000 0.0000 0.0000 0.0000 0.0000 0.0000 0.0000 0.0000 0.0000 0.0000 0.0000 0.0000 0.0000 0.0000 0.0000 0.0000 0.0000 0.0000 0.0000 0.0001 0.0008 0.0048 0.0193 0.0562 0.1191 0.1811 0.2015 0.1668 0.1068 0.0597 0.0335 0.0142 0.0095 0.0084 0.0085 0.0096
0.0000 0.0000 0.0000 0.0000 0.0000 0.0000 0.0000 0.0000 0.0000 0.0000 0.0000 0.0000 0.0000 0.0000 0.0000 0.0000 0.0000 0.0000 0.0000 0.0000 0.0002 0.0015 0.0069 0.0236 0.0609 0.1163 0.1668 0.1812 0.1501 0.1039 0.0682 0.0341 0.0236 0.0207 0.0203 0.0216
0.0000 0.0000 0.0000 0.0000 0.0000 0.0000 0.0000 0.0000 0.0000 0.0000 0.0000 0.0000 0.0000 0.0000 0.0000 0.0000 0.0000 0.0000 0.0000 0.0000 0.0001 0.0005 0.0024 0.0089 0.0262 0.0597 0.1068 0.1501 0.1609 0.1391 0.1082 0.0655 0.0482 0.0421 0.0404 0.0409
0.0000 0.0000 0.0000 0.0000 0.0000 0.0000 0.0000 0.0000 0.0000 0.0000 0.0000 0.0000 0.0000 0.0000 0.0000 0.0000 0.0000 0.0000 0.0000 0.0000 0.0000 0.0002 0.0009 0.0034 0.0109 0.0280 0.0597 0.1039 0.1391 0.1465 0.1332 0.0977 0.0777 0.0691 0.0655 0.0641
0.0000 0.0000 0.0000 0.0000 0.0000 0.0000 0.0000 0.0000 0.0000 0.0000 0.0000 0.0000 0.0000 0.0000 0.0000 0.0000 0.0000 0.0000 0.0000 0.0000 0.0000 0.0001 0.0004 0.0015 0.0050 0.0139 0.0335 0.0682 0.1082 0.1332 0.1378 0.1208 0.1045 0.0954 0.0906 0.0870
0.0000 0.0000 0.0000 0.0000 0.0000 0.0000 0.0000 0.0000 0.0000 0.0000 0.0000 0.0000 0.0000 0.0000 0.0000 0.0000 0.0000 0.0000 0.0000 0.0000 0.0000 0.0000 0.0001 0.0005 0.0017 0.0052 0.0142 0.0341 0.0655 0.0977 0.1208 0.1384 0.1377 0.1330 0.1284 0.1225
0.0000 0.0000 0.0000 0.0000 0.0000 0.0000 0.0000 0.0000 0.0000 0.0000 0.0000 0.0000 0.0000 0.0000 0.0000 0.0000 0.0000 0.0000 0.0000 0.0000 0.0000 0.0000 0.0001 0.0003 0.0011 0.0034 0.0095 0.0236 0.0482 0.0777 0.1045 0.1377 0.1491 0.1507 0.1491 0.1448
0.0000 0.0000 0.0000 0.0000 0.0000 0.0000 0.0000 0.0000 0.0000 0.0000 0.0000 0.0000 0.0000 0.0000 0.0000 0.0000 0.0000 0.0000 0.0000 0.0000 0.0000 0.0000 0.0001 0.0003 0.0010 0.0031 0.0084 0.0207 0.0421 0.0691 0.0954 0.1330 0.1507 0.1576 0.1596 0.1589
0.0000 0.0000 0.0000 0.0000 0.0000 0.0000 0.0000 0.0000 0.0000 0.0000 0.0000 0.0000 0.0000 0.0000 0.0000 0.0000 0.0000 0.0000 0.0000 0.0000 0.0000 0.0000 0.0001 0.0004 0.0011 0.0032 0.0085 0.0203 0.0404 0.0655 0.0906 0.1284 0.1491 0.1596 0.1648 0.1680
0.0000 0.0000 0.0000 0.0000 0.0000 0.0000 0.0000 0.0000 0.0000 0.0000 0.0000 0.0000 0.0000 0.0000 0.0000 0.0000 0.0000 0.0000 0.0000 0.0000 0.0000 0.0000 0.0002 0.0005 0.0014 0.0038 0.0096 0.0216 0.0409 0.0641 0.0870 0.1225 0.1448 0.1589 0.1680 0.1766
#DG from neighbouring lambda in kcal/mol
0.0000 0.0250 -6.0480 0.0604
0.0250 0.0500 -3.1831 0.0616
0.0500 0.0750 -1.4833 0.0590
0.0750 0.1000 -0.4043 0.0525
0.1000 0.1250 0.2836 0.0489
0.1250 0.1500 0.7168 0.0450
0.1500 0.1750 0.9589 0.0431
0.1750 0.2000 0.9869 0.0487
0.2000 0.2250 0.9099 0.0430
0.2250 0.2500 0.9590 0.0375
0.2500 0.2750 0.9094 0.0420
0.2750 0.3000 0.7496 0.0410
0.3000 0.3250 0.7270 0.0345
0.3250 0.3500 0.7241 0.0340
0.3500 0.3750 0.6340 0.0370
0.3750 0.4000 0.5366 0.0346
0.4000 0.4250 0.4440 0.0366
0.4250 0.4500 0.1381 0.0521
0.4500 0.4750 -0.3347 0.0551
0.4750 0.5000 -0.5795 0.0485
0.5000 0.5250 -0.5267 0.0387
0.5250 0.5500 -0.3191 0.0306
0.5500 0.5750 -0.1095 0.0275
0.5750 0.6000 0.0382 0.0252
0.6000 0.6250 0.1419 0.0227
0.6250 0.6500 0.2195 0.0204
0.6500 0.6750 0.2471 0.0201
0.6750 0.7000 0.2380 0.0187
0.7000 0.7250 0.2504 0.0150
0.7250 0.7500 0.3005 0.0111
0.7500 0.8000 0.7823 0.0139
0.8000 0.8500 0.9118 0.0073
0.8500 0.9000 0.8829 0.0044
0.9000 0.9500 0.7841 0.0033
0.9500 1.0000 0.9976 0.0043
#PMF from MBAR in kcal/mol
0.0000 0.0000 0.0000
0.0250 -6.0480 0.0604
0.0500 -9.2311 0.1045
0.0750 -10.7144 0.1345
0.1000 -11.1188 0.1557
0.1250 -10.8352 0.1726
0.1500 -10.1184 0.1861
0.1750 -9.1594 0.1979
0.2000 -8.1725 0.2105
0.2250 -7.2626 0.2216
0.2500 -6.3036 0.2300
0.2750 -5.3943 0.2386
0.3000 -4.6446 0.2476
0.3250 -3.9176 0.2544
0.3500 -3.1935 0.2605
0.3750 -2.5595 0.2671
0.4000 -2.0229 0.2733
0.4250 -1.5790 0.2795
0.4500 -1.4409 0.2888
0.4750 -1.7756 0.2999
0.5000 -2.3551 0.3091
0.5250 -2.8818 0.3157
0.5500 -3.2008 0.3203
0.5750 -3.3103 0.3241
0.6000 -3.2721 0.3273
0.6250 -3.1302 0.3302
0.6500 -2.9107 0.3326
0.6750 -2.6636 0.3348
0.7000 -2.4256 0.3368
0.7250 -2.1752 0.3385
0.7500 -1.8747 0.3396
0.8000 -1.0924 0.3408
0.8500 -0.1806 0.3413
0.9000 0.7023 0.3415
0.9500 1.4864 0.3416
1.0000 2.4839 0.3416
#TI average gradients and standard deviation in kcal/mol
0.0000 -286.2992 29.3999
0.0250 -179.5487 32.4693
0.0500 -88.5680 36.9115
0.0750 -36.1058 29.6048
0.1000 11.1574 21.3388
0.1250 18.9585 48.1210
0.1500 24.4089 19.9244
0.1750 43.9339 24.3757
0.2000 28.2907 21.5784
0.2250 46.1056 28.9772
0.2500 48.9376 17.4970
0.2750 45.5949 26.5892
0.3000 25.6607 26.0612
0.3250 22.4456 26.9377
0.3500 23.2726 26.7546
0.3750 21.9230 13.1649
0.4000 28.5290 19.6669
0.4250 20.8848 22.8591
0.4500 3.2639 25.8017
0.4750 0.3500 26.1487
0.5000 -37.9776 25.9160
0.5250 -20.4098 22.9142
0.5500 -9.6157 17.4642
0.5750 -0.7149 21.2640
0.6000 -1.7059 23.2956
0.6250 3.1307 18.6719
0.6500 2.1319 23.0845
0.6750 8.3524 17.6633
0.7000 7.9938 19.3068
0.7250 6.6455 17.9891
0.7500 16.5273 10.8272
0.8000 17.4907 5.2232
0.8500 18.7706 3.2666
0.9000 17.3548 1.9865
0.9500 13.9029 0.7977
1.0000 107.9469 10.0122
#PMF from TI in kcal/mol
0.0000 0.0000
0.0250 -5.8231
0.0500 -9.1746
0.0750 -10.7330
0.1000 -11.0448
0.1250 -10.6684
0.1500 -10.1263
0.1750 -9.2720
0.2000 -8.3692
0.2250 -7.4392
0.2500 -6.2512
0.2750 -5.0696
0.3000 -4.1789
0.3250 -3.5775
0.3500 -3.0061
0.3750 -2.4411
0.4000 -1.8105
0.4250 -1.1928
0.4500 -0.8909
0.4750 -0.8458
0.5000 -1.3161
0.5250 -2.0459
0.5500 -2.4213
0.5750 -2.5504
0.6000 -2.5807
0.6250 -2.5628
0.6500 -2.4971
0.6750 -2.3660
0.7000 -2.1617
0.7250 -1.9787
0.7500 -1.6890
0.8000 -0.8386
0.8500 0.0680
0.9000 0.9711
0.9500 1.7525
1.0000 4.7988
#MBAR free energy difference in kcal/mol: 
2.483938, 0.341613 
#TI free energy difference in kcal/mol: 
4.798772  #WARNING SUBSAMPLING GRADIENTS RESULTED IN LESS THAN 50 SAMPLES, CONSIDER RERUN WITHOUT SUBSAMPLE OPTION 
