# Analysing data contained in file(s) ['o_xylene_benzene_for_analysis/bound/lambda_0.0000/simfile.dat', 'o_xylene_benzene_for_analysis/bound/lambda_0.1250/simfile.dat', 'o_xylene_benzene_for_analysis/bound/lambda_0.2500/simfile.dat', 'o_xylene_benzene_for_analysis/bound/lambda_0.3750/simfile.dat', 'o_xylene_benzene_for_analysis/bound/lambda_0.5000/simfile.dat', 'o_xylene_benzene_for_analysis/bound/lambda_0.6250/simfile.dat', 'o_xylene_benzene_for_analysis/bound/lambda_0.7500/simfile.dat', 'o_xylene_benzene_for_analysis/bound/lambda_0.8750/simfile.dat', 'o_xylene_benzene_for_analysis/bound/lambda_1.0000/simfile.dat']
#Overlap matrix
0.9628 0.0371 0.0000 0.0000 0.0000 0.0000 0.0000 0.0000 0.0000
0.0371 0.8832 0.0792 0.0005 0.0000 0.0000 0.0000 0.0000 0.0000
0.0000 0.0792 0.7763 0.1434 0.0010 0.0000 0.0000 0.0000 0.0000
0.0000 0.0005 0.1434 0.7121 0.1429 0.0011 0.0000 0.0000 0.0000
0.0000 0.0000 0.0010 0.1429 0.7134 0.1419 0.0008 0.0000 0.0000
0.0000 0.0000 0.0000 0.0011 0.1419 0.7202 0.1363 0.0006 0.0000
0.0000 0.0000 0.0000 0.0000 0.0008 0.1363 0.7289 0.1336 0.0004
0.0000 0.0000 0.0000 0.0000 0.0000 0.0006 0.1336 0.7457 0.1201
0.0000 0.0000 0.0000 0.0000 0.0000 0.0000 0.0004 0.1201 0.8795
#DG from neighbouring lambda in kcal/mol
0.0000 0.1250 -3.0638 0.1487
0.1250 0.2500 -0.7993 0.0968
0.2500 0.3750 0.6013 0.0660
0.3750 0.5000 0.8912 0.0660
0.5000 0.6250 0.8784 0.0664
0.6250 0.7500 0.9058 0.0684
0.7500 0.8750 1.0115 0.0695
0.8750 1.0000 1.1702 0.0748
#PMF from MBAR in kcal/mol
0.0000 0.0000 0.0000
0.1250 -3.0638 0.1487
0.2500 -3.8631 0.1823
0.3750 -3.2618 0.1983
0.5000 -2.3706 0.2129
0.6250 -1.4922 0.2268
0.7500 -0.5864 0.2404
0.8750 0.4251 0.2537
1.0000 1.5953 0.2677
#TI average gradients and standard deviation in kcal/mol
0.0000 -40.2392 22.5020
0.1250 -12.1982 17.6056
0.2500 0.7442 13.1328
0.3750 6.8973 12.9512
0.5000 7.3522 12.6399
0.6250 7.0140 12.2548
0.7500 7.3810 12.9374
0.8750 8.8717 13.4061
1.0000 15.3863 14.4338
#PMF from TI in kcal/mol
0.0000 0.0000
0.1250 -3.2773
0.2500 -3.9932
0.3750 -3.5156
0.5000 -2.6250
0.6250 -1.7271
0.7500 -0.8275
0.8750 0.1883
1.0000 1.7045
#MBAR free energy difference in kcal/mol: 
1.595305, 0.267740  #WARNING SUBSAMPLING DISABLED, CONSIDER RERUN WITH SUBSAMPLING OPTION
#TI free energy difference in kcal/mol: 
1.704471  #WARNING SUBSAMPLING DISABLED, CONSIDER RERUN WITH SUBSAMPLING OPTION 
