# Analysing data contained in file(s) ['example_output/free/run001/discharge/output/lambda_0.000/simfile.dat.bz2', 'example_output/free/run001/discharge/output/lambda_0.143/simfile.dat.bz2', 'example_output/free/run001/discharge/output/lambda_0.286/simfile.dat.bz2', 'example_output/free/run001/discharge/output/lambda_0.429/simfile.dat.bz2', 'example_output/free/run001/discharge/output/lambda_0.571/simfile.dat.bz2', 'example_output/free/run001/discharge/output/lambda_0.714/simfile.dat.bz2', 'example_output/free/run001/discharge/output/lambda_0.857/simfile.dat.bz2', 'example_output/free/run001/discharge/output/lambda_1.000/simfile.dat.bz2']
#Overlap matrix
0.6231 0.2895 0.0752 0.0110 0.0011 0.0001 0.0000 0.0000
0.2895 0.3789 0.2373 0.0760 0.0156 0.0024 0.0003 0.0000
0.0752 0.2373 0.3381 0.2302 0.0899 0.0238 0.0048 0.0008
0.0110 0.0760 0.2302 0.3136 0.2264 0.1023 0.0326 0.0078
0.0011 0.0156 0.0899 0.2264 0.2911 0.2230 0.1123 0.0404
0.0001 0.0024 0.0238 0.1023 0.2230 0.2844 0.2317 0.1323
0.0000 0.0003 0.0048 0.0326 0.1123 0.2317 0.3147 0.3036
0.0000 0.0000 0.0008 0.0078 0.0404 0.1323 0.3036 0.5151
#DG from neighbouring lambda in kcal/mol
0.0000 0.1430 3.0161 0.0169
0.1430 0.2860 2.2481 0.0155
0.2860 0.4290 1.5849 0.0140
0.4290 0.5710 1.0740 0.0121
0.5710 0.7140 0.7026 0.0109
0.7140 0.8570 0.3870 0.0104
0.8570 1.0000 0.0950 0.0112
#PMF from MBAR in kcal/mol
0.0000 0.0000 0.0000
0.1430 3.0161 0.0169
0.2860 5.2641 0.0286
0.4290 6.8491 0.0364
0.5710 7.9231 0.0418
0.7140 8.6257 0.0458
0.8570 9.0127 0.0491
1.0000 9.1077 0.0525
#TI average gradients and standard deviation in kcal/mol
0.0000 24.0567 5.4083
0.1430 18.2236 5.4675
0.2860 13.2537 5.0658
0.4290 9.0615 4.7408
0.5710 6.1697 4.1426
0.7140 3.4366 4.1186
0.8570 1.6063 3.7946
1.0000 -0.4060 3.7457
#PMF from TI in kcal/mol
0.0000 0.0000
0.1430 3.0230
0.2860 5.2737
0.4290 6.8692
0.5710 7.9506
0.7140 8.6375
0.8570 8.9980
1.0000 9.0839
#MBAR free energy difference in kcal/mol: 
9.107665, 0.052472 
#TI free energy difference in kcal/mol: 
9.083862  
