# Analysing data contained in file(s) ['example_output/free/run001/vanish/output/lambda_0.000/simfile.dat.bz2', 'example_output/free/run001/vanish/output/lambda_0.028/simfile.dat.bz2', 'example_output/free/run001/vanish/output/lambda_0.056/simfile.dat.bz2', 'example_output/free/run001/vanish/output/lambda_0.111/simfile.dat.bz2', 'example_output/free/run001/vanish/output/lambda_0.167/simfile.dat.bz2', 'example_output/free/run001/vanish/output/lambda_0.222/simfile.dat.bz2', 'example_output/free/run001/vanish/output/lambda_0.278/simfile.dat.bz2', 'example_output/free/run001/vanish/output/lambda_0.333/simfile.dat.bz2', 'example_output/free/run001/vanish/output/lambda_0.389/simfile.dat.bz2', 'example_output/free/run001/vanish/output/lambda_0.444/simfile.dat.bz2', 'example_output/free/run001/vanish/output/lambda_0.500/simfile.dat.bz2', 'example_output/free/run001/vanish/output/lambda_0.556/simfile.dat.bz2', 'example_output/free/run001/vanish/output/lambda_0.611/simfile.dat.bz2', 'example_output/free/run001/vanish/output/lambda_0.667/simfile.dat.bz2', 'example_output/free/run001/vanish/output/lambda_0.722/simfile.dat.bz2', 'example_output/free/run001/vanish/output/lambda_0.778/simfile.dat.bz2', 'example_output/free/run001/vanish/output/lambda_0.889/simfile.dat.bz2', 'example_output/free/run001/vanish/output/lambda_1.000/simfile.dat.bz2']
#Overlap matrix
0.7068 0.2546 0.0383 0.0003 0.0000 0.0000 0.0000 0.0000 0.0000 0.0000 0.0000 0.0000 0.0000 0.0000 0.0000 0.0000 0.0000 0.0000
0.2546 0.4667 0.2680 0.0107 0.0001 0.0000 0.0000 0.0000 0.0000 0.0000 0.0000 0.0000 0.0000 0.0000 0.0000 0.0000 0.0000 0.0000
0.0383 0.2680 0.5530 0.1386 0.0022 0.0000 0.0000 0.0000 0.0000 0.0000 0.0000 0.0000 0.0000 0.0000 0.0000 0.0000 0.0000 0.0000
0.0003 0.0107 0.1386 0.6988 0.1488 0.0029 0.0000 0.0000 0.0000 0.0000 0.0000 0.0000 0.0000 0.0000 0.0000 0.0000 0.0000 0.0000
0.0000 0.0001 0.0022 0.1488 0.6781 0.1659 0.0049 0.0000 0.0000 0.0000 0.0000 0.0000 0.0000 0.0000 0.0000 0.0000 0.0000 0.0000
0.0000 0.0000 0.0000 0.0029 0.1659 0.6573 0.1700 0.0038 0.0000 0.0000 0.0000 0.0000 0.0000 0.0000 0.0000 0.0000 0.0000 0.0000
0.0000 0.0000 0.0000 0.0000 0.0049 0.1700 0.6562 0.1648 0.0040 0.0000 0.0000 0.0000 0.0000 0.0000 0.0000 0.0000 0.0000 0.0000
0.0000 0.0000 0.0000 0.0000 0.0000 0.0038 0.1648 0.6696 0.1585 0.0031 0.0000 0.0000 0.0000 0.0000 0.0000 0.0000 0.0000 0.0000
0.0000 0.0000 0.0000 0.0000 0.0000 0.0000 0.0040 0.1585 0.6748 0.1594 0.0032 0.0000 0.0000 0.0000 0.0000 0.0000 0.0000 0.0000
0.0000 0.0000 0.0000 0.0000 0.0000 0.0000 0.0000 0.0031 0.1594 0.6851 0.1494 0.0030 0.0000 0.0000 0.0000 0.0000 0.0000 0.0000
0.0000 0.0000 0.0000 0.0000 0.0000 0.0000 0.0000 0.0000 0.0032 0.1494 0.6743 0.1636 0.0089 0.0004 0.0000 0.0000 0.0000 0.0000
0.0000 0.0000 0.0000 0.0000 0.0000 0.0000 0.0000 0.0000 0.0000 0.0030 0.1636 0.5900 0.2096 0.0267 0.0040 0.0012 0.0007 0.0011
0.0000 0.0000 0.0000 0.0000 0.0000 0.0000 0.0000 0.0000 0.0000 0.0000 0.0089 0.2096 0.4664 0.2073 0.0576 0.0219 0.0128 0.0153
0.0000 0.0000 0.0000 0.0000 0.0000 0.0000 0.0000 0.0000 0.0000 0.0000 0.0004 0.0267 0.2073 0.3195 0.1940 0.1074 0.0704 0.0743
0.0000 0.0000 0.0000 0.0000 0.0000 0.0000 0.0000 0.0000 0.0000 0.0000 0.0000 0.0040 0.0576 0.1940 0.2301 0.1952 0.1604 0.1588
0.0000 0.0000 0.0000 0.0000 0.0000 0.0000 0.0000 0.0000 0.0000 0.0000 0.0000 0.0012 0.0219 0.1074 0.1952 0.2269 0.2272 0.2202
0.0000 0.0000 0.0000 0.0000 0.0000 0.0000 0.0000 0.0000 0.0000 0.0000 0.0000 0.0007 0.0128 0.0704 0.1604 0.2272 0.2661 0.2623
0.0000 0.0000 0.0000 0.0000 0.0000 0.0000 0.0000 0.0000 0.0000 0.0000 0.0000 0.0011 0.0153 0.0743 0.1588 0.2202 0.2623 0.2679
#DG from neighbouring lambda in kcal/mol
0.0000 0.0280 -6.6313 0.0233
0.0280 0.0560 -3.6092 0.0211
0.0560 0.1110 -2.2711 0.0412
0.1110 0.1670 0.3118 0.0407
0.1670 0.2220 0.7589 0.0372
0.2220 0.2780 0.7351 0.0364
0.2780 0.3330 0.1917 0.0374
0.3330 0.3890 -0.2414 0.0386
0.3890 0.4440 -0.7625 0.0386
0.4440 0.5000 -1.1347 0.0404
0.5000 0.5560 -1.3921 0.0369
0.5560 0.6110 -1.0423 0.0273
0.6110 0.6670 -0.5197 0.0202
0.6670 0.7220 0.0067 0.0118
0.7220 0.7780 0.4673 0.0064
0.7780 0.8890 1.4731 0.0043
0.8890 1.0000 1.4892 0.0019
#PMF from MBAR in kcal/mol
0.0000 0.0000 0.0000
0.0280 -6.6313 0.0233
0.0560 -10.2405 0.0376
0.1110 -12.5117 0.0608
0.1670 -12.1999 0.0776
0.2220 -11.4410 0.0898
0.2780 -10.7059 0.1001
0.3330 -10.5142 0.1098
0.3890 -10.7556 0.1191
0.4440 -11.5181 0.1278
0.5000 -12.6528 0.1364
0.5560 -14.0449 0.1436
0.6110 -15.0872 0.1482
0.6670 -15.6069 0.1510
0.7220 -15.6002 0.1524
0.7780 -15.1329 0.1530
0.8890 -13.6598 0.1533
1.0000 -12.1706 0.1532
#TI average gradients and standard deviation in kcal/mol
0.0000 -309.3676 37.2016
0.0280 -173.1912 34.6654
0.0560 -91.1269 30.4932
0.1110 -8.1267 27.2573
0.1670 13.0397 26.5292
0.2220 15.4833 23.5361
0.2780 9.1597 25.8191
0.3330 -1.9243 25.4166
0.3890 -10.8409 27.6682
0.4440 -16.5624 25.7817
0.5000 -25.1456 27.9279
0.5560 -22.3754 22.5452
0.6110 -14.1294 19.1313
0.6670 -4.0914 14.8922
0.7220 4.9223 9.7060
0.7780 11.2754 5.1366
0.8890 12.9039 1.1603
1.0000 82.8940 6.9260
#PMF from TI in kcal/mol
0.0000 0.0000
0.0280 -6.7558
0.0560 -10.4563
0.1110 -13.1858
0.1670 -13.0482
0.2220 -12.2638
0.2780 -11.5738
0.3330 -11.3748
0.3890 -11.7323
0.4440 -12.4858
0.5000 -13.6537
0.5560 -14.9843
0.6110 -15.9881
0.6670 -16.4983
0.7220 -16.4755
0.7780 -16.0219
0.8890 -14.6800
1.0000 -9.3632
#MBAR free energy difference in kcal/mol: 
-12.170612, 0.153232 
#TI free energy difference in kcal/mol: 
-9.363212  
