integrator = sd
ld-seed = -1
dt = 0.002
nsteps = 2000000
nstlog = 200000
nstenergy = 200000
nstxout = 20000
pbc = xyz
cutoff-scheme = Verlet
nstlist = 1
rlist = 333.3
rvdw = 333.3
rcoulomb = 333.3
coulombtype = Cut-off
vdwtype = Cut-off
constraints = h-bonds
constraint-algorithm = LINCS
tc-grps = system
tau-t = 2.0
ref-t = 300.00
free-energy = yes
init-lambda-state = 5
fep-lambdas = 0.0 0.09091 0.18182 0.27273 0.36364 0.45455 0.54545 0.63636 0.72727 0.81818 0.90909 1.0
couple-lambda0 = vdw-q
couple-lambda1 = vdw-q
calc-lambda-neighbors = -1
nstcalcenergy = 250
nstdhdl = 250
